139.7514
-73.9249
-99.131
72.857
-46.625
77.23
121.4365
88.3247
-118.4068
90.4086
-58.3975
66.99
31.25
-43.225
135.4601
116.3883
120.9822
37.6155
29.01
2.3333
126.9997
3.3915
106.8294
113.325
-87.6862
-0.1167
-77.0501
51.4243
15.315
-74.0833
114.1221
114.27
114.185
117.2
80.28
121.5683
77.56
100.5166
74.35
106.595
-80.2102
78.48
-96.7662
-70.667
-75.1339
-43.915
-3.6834
-95.3905
72.58
106.695
-77.0163
-84.4225
-79.42
103.8558
13.2344
44.3939
2.1834
88.3299
123.45
32.5342
73.85
-71.0846
151.1852
30.316
91.8
113.7447
46.7727
105.85
-103.33
144.975
29.95
104.07
96.1667
-112.0891
108.895
-51.2
72.84
109.6091
-4.04
-47.9161
32.8644
-100.33
139.58
118.78
-73.5833
106.72
-34.9156
-122.3244
126.65
-122.443
-38.58
117.67
-83.1024
-38.48
129.01
28.03
13.4015
3.0506
12.4833
125.7547
-75.575
69.1833
23.7333
136.915
18.435
-117.1225
125.34
-7.6164
121.6298
80.32
8.52
34.77
38.7
-49.32
118.05
39.2192
36.8167
120.17
28.3299
-66.917
9.205
9.2
102.68
39.2683
-93.2678
75.81
112.5451
8.675
120.33
112.7508
-9.1449
-82.4451
116.995
130.41
-47.1
-104.8759
120.2666
121.03
19.02
37.17
30.98
30.5166
80.915
31.19
113.6651
120.6817
-73.9496
3.93
73.11
119.3
112.97
-17.4731
27.1518
112.9
103.792
126.6422
141.34
118.08
-79.92
100.3294
59.57
36.3
128.607
79.09
120.83
114.48
10.1797
16.3666
126.55
32.48
107.57
106.9723
8.47
115.88
120.6501
-73.7976
-123.1216
-1.92
-76.5
14.245
141.0217
-2.248
-98.2
13.18
69.2949
-82.3642
106.13
-76.6144
108.32
-48.48
85.13
-69.9001
87.575
117.57
49.8622
-0.2167
121.4
98.65
-63.226
117.18
-117.3948
118.33
-90.2451
-115.2654
-71.66
47.9783
50.0997
-122.65
110.32
132.4429
109.822
117.28
75.865
-49.3
44.2066
-98.5254
-72.336
106.6801
116.9789
112.53
26.0999
121.55
9.71
118.1944
120.2
113.3
-57.6415
72.35
153.0351
73.04
-121.4683
35.5097
-121.8489
27.5666
135.75
-74.8
-81.3369
118.7734
-67.98
10
73.18
-60
115.65
120.3
104.75
4.3333
7.0166
-81.6805
77.41
111.66
-79.9763
112.4701
-46.3329
113.16
21
-6.8361
-40.366
-78.5001
47.5166
76.95
125
116.48
108.4
19.0833
7.67
120.62
75.8723
-84.506
-1.63
-73.9662
123.99
122.94
-97.7517
121.2168
114.48
117.1201
51.7
-94.5541
11.5167
116.67
78.015
110.38
-68.15
73.1602
7.5333
31.0447
-86.1458
113.44
89.56
119.1001
-117.08
-70.67
114.07
105.38
115.84
-99.67
83.305
-1.58
135.17
-82.9851
71.455
76.2239
-56.1711
74.185
-43.1
114.95
11.25
109.25
-8
-13.6802
29.07
-101.7
-76.0435
73.78
123.87
111.68
127.425
-80.8304
104.9166
105.05
118.58
36.25
68.375
-73.8662
1.2228
-64.1823
116.98
51.533
101.7
32.5892
7.44
126.9104
139.705
-89.203
105.5333
4.83
50.97
32.5833
46.3012
4.27
125.63
5.375
77.7
104.77
110.42
77.3167
82.96
39.82
55.28
-87.9673
174.763
118.48
15.2847
112.33
83
27.48
-106.49
77.4084
28.2294
115.45
-8.62
86.9833
28.2833
119.97
43.145
60.6
71.535
96.085
86.1975
23.6
78.12
35.32
-1.5
79.9551
-84.0841
-79.533
44.0001
118.95
6.75
11.575
119.03
18.0973
119.432
70.8
86.42
129.59
6.14
52.57
120.1
105.92
104.8333
6.78
110.87
-5.98
74.87
-40.318
-51.2167
76.915
-71.4187
79.58
-60.6663
81.84
5.62
116.55
-35.73
23.3167
73.1995
20.0667
109.0154
14.466
-4.2507
103.7333
-81.6749
-1.5247
-75.7
138.6
117.97
-103.42
74.815
80.63
50.1513
73.4
151.815
110.15
125.4524
108.7147
124.6853
105.77
-69.3
24.9341
49.1263
75.3203
-114.08
-99.03
8.55
115.48
104.78
55.4065
44.5136
45.3667
44.7908
109.02
15.76
5.76
20.468
-111.93
81.4333
119.65
61.4387
-35.24
68.7739
12.5635
128.5836
113.15
127.0109
-86.7843
27.96
112.13
-89.9773
129.317
35.9333
119.3801
-77.4756
-6.2489
-113.5
75.9
39.7127
35
101.77
114.93
3.08
85.33
37.385
-10.8048
-44.266
4.9166
35.2066
-89.9288
-90.527
113.5678
-48.52
25.6
130.35
7.01
-78.6438
56.04
112.59
123.75
-85.6485
34.98
39.58
-73.1259
-67.5958
4.48
36.72
6.95
119.62
-5.0004
15.0491
-87.2175
-76.7674
96.1186
43.148
-86.2685
2.1167
19.8189
85.3166
106.9166
30.0605
74.5852
10.75
18.5583
-13.2342
73.1666
2.52
102.6
24.1
-15.9753
58.5933
58.3833
16
18.383
28.8577
33.7833
38.9333
54.3666
57.5
9.458
50.5831
25.3166
21.4335
26.2299
17.117
-15.5984
24.728
174.7833
14.5147
27.4833
71.4278
29.36
149.129
77.2
14.515
2.6166
114.9333
-61.517
147.1925
7.467
17.0835
-58.167
-55.167
125.5795
-77.35
-65.2595
33.3666
35.75
79.8578
25.9119
-5.2755
-59.6165
178.4417
-21.95
8.7833
-69.02
19.2663
43.2402
79.95
-23.5167
73.4999
31.58
6.13
89.639
31.1333
6.7333
159.9498
-70.029
-171.7386
1.5165
-61.2121
168.3166
-16.5917
-175.2206
-61
7.4069
9.5167
-61.85
-61.7416
55.45
12.4667
173.0176
171.38
-61.387
-62.717
-88.7671
-170.7046
31.2
179.2166
158.15
145.7546
144.7504